image: 办公室_2.png
resolution: 0.050000
#origin: [-51.525837, -8.545707, 0.000000] #navigation orin
#origin: [0, -57.4, 0.000000] left up orin
origin: [0, -57.4, 0.000000]
negate: 0
occupied_thresh: 0.65
free_thresh: 0.196

